[   33111.045925] 0001 02df 00000000
[   33111.045925] 0000 0000 00000000
[   33123.319362] 0001 02df 00000001
[   33123.319362] 0000 0000 00000000
[   33123.475624] 0001 02df 00000000
[   33123.475624] 0000 0000 00000000
[   33124.178715] 0001 02df 00000001
[   33124.178715] 0000 0000 00000000
[   33124.295925] 0001 02df 00000000
[   33124.295925] 0000 0000 00000000
[   33125.085042] 0001 02df 00000001
[   33125.085042] 0000 0000 00000000
[   33126.717764] 0001 02df 00000000
[   33126.717764] 0000 0000 00000000
